SNP	rs79112460	rs12126186	rs7549203	rs7553410	rs76300202	rs7534872	rs2495520	rs2149038	rs2009185	rs72660536	rs149163517	rs34232196	rs2986946	rs115577903	rs11591147	rs146741639	rs472495	rs505151	rs111605776	rs488522	rs115465289
rs79112460	1	-0.208228	-0.341482	0.221122	-0.0774957	-0.251198	-0.149268	0.0649844	-0.0798423	-0.0535899	-0.0325356	0.159941	-0.0528388	-0.0199925	0.102631	-0.0246198	-0.0315986	6.75772e-05	0.0127906	-0.04712	-0.0184004
rs12126186	-0.208228	1	0.610796	0.498945	-0.180895	0.765589	-0.332313	-0.0153764	-0.0592148	0.0841893	-0.014885	-0.0270293	-0.030999	-0.0604939	-0.057119	-0.0505782	0.0104386	-0.00257247	-0.0143821	-0.0532463	0.0461056
rs7549203	-0.341482	0.610796	1	0.762212	-0.293787	0.356627	0.392002	-0.0182063	-0.0427397	0.04587	0.0249127	-0.0428282	-0.0472733	-0.0451339	-0.0796036	0.040127	-0.00336542	-0.00105858	0.021535	-0.0849123	0.0145939
rs7553410	0.221122	0.498945	0.762212	1	-0.349481	0.227105	0.338205	0.00540243	-0.110693	0.0265434	-0.0802223	0.0636916	-0.0740512	-0.0599172	-0.0156622	-0.0778768	-0.0128396	0.00238539	0.0311231	-0.111984	0.00453972
rs76300202	-0.0774957	-0.180895	-0.293787	-0.349481	1	-0.222632	-0.113103	-0.0242705	0.0297678	-0.061351	-0.0236135	0.0425453	0.0446318	0.00021807	-0.022569	-0.0205334	-0.00328888	-0.0234521	-0.014023	-0.00103694	-0.0057646
rs7534872	-0.251198	0.765589	0.356627	0.227105	-0.222632	1	-0.406225	0.0612236	0.000599618	0.0522791	-0.0384921	-0.0500473	0.00200084	0.0204244	-0.0111643	-0.0596931	0.0151106	0.00125438	-0.0253472	0.0660793	0.0276039
rs2495520	-0.149268	-0.332313	0.392002	0.338205	-0.113103	-0.406225	1	-0.0281539	0.0258522	-0.078	-0.0493544	-0.00841679	0.0107211	0.0319496	-0.0308052	-0.0141331	4.77632e-05	-0.00136662	0.0444246	-0.0217146	-0.0247414
rs2149038	0.0649844	-0.0153764	-0.0182063	0.00540243	-0.0242705	0.0612236	-0.0281539	1	-0.273193	-0.00958884	0.0092464	0.241131	-0.294493	0.103565	-0.0369706	0.0330916	-0.0926343	0.0670412	-0.0360641	0.0732809	-0.0153367
rs2009185	-0.0798423	-0.0592148	-0.0427397	-0.110693	0.0297678	0.000599618	0.0258522	-0.273193	1	-0.431325	0.136646	-0.356605	0.79373	0.119409	0.0778348	0.0467825	0.0582717	0.00825613	0.042237	0.10325	-0.0814039
rs72660536	-0.0535899	0.0841893	0.04587	0.0265434	-0.061351	0.0522791	-0.078	-0.00958884	-0.431325	1	-0.0606468	-0.233555	-0.38971	-0.0547277	-0.0386291	-0.0409494	0.0308305	-0.0154575	-0.0269311	-0.0592753	0.00940992
rs149163517	-0.0325356	-0.014885	0.0249127	-0.0802223	-0.0236135	-0.0384921	-0.0493544	0.0092464	0.136646	-0.0606468	1	-0.0836069	-0.141531	-0.019634	-0.0197665	0.477871	-0.112645	0.0218088	-0.00881234	0.0226773	-0.0227193
rs34232196	0.159941	-0.0270293	-0.0428282	0.0636916	0.0425453	-0.0500473	-0.00841679	0.241131	-0.356605	-0.233555	-0.0836069	1	-0.540105	0.23144	0.178447	-0.05826	-0.0434693	0.0535674	0.0911378	-0.067274	0.079479
rs2986946	-0.0528388	-0.030999	-0.0472733	-0.0740512	0.0446318	0.00200084	0.0107211	-0.294493	0.79373	-0.38971	-0.141531	-0.540105	1	-0.125021	-0.0994081	-0.0391128	0.0903224	-0.0599158	-0.0425325	0.0744683	-0.0691133
rs115577903	-0.0199925	-0.0604939	-0.0451339	-0.0599172	0.00021807	0.0204244	0.0319496	0.103565	0.119409	-0.0547277	-0.019634	0.23144	-0.125021	1	-0.0175411	-0.0133571	0.0710137	0.0202932	-0.0126086	0.00463845	-0.00136055
rs11591147	0.102631	-0.057119	-0.0796036	-0.0156622	-0.022569	-0.0111643	-0.0308052	-0.0369706	0.0778348	-0.0386291	-0.0197665	0.178447	-0.0994081	-0.0175411	1	-0.0141131	-0.00864547	0.0105523	-0.0114049	-0.0347487	-0.0197863
rs146741639	-0.0246198	-0.0505782	0.040127	-0.0778768	-0.0205334	-0.0596931	-0.0141331	0.0330916	0.0467825	-0.0409494	0.477871	-0.05826	-0.0391128	-0.0133571	-0.0141131	1	-0.0794261	-0.107155	-0.00898028	-0.0266369	-0.0202442
rs472495	-0.0315986	0.0104386	-0.00336542	-0.0128396	-0.00328888	0.0151106	4.77632e-05	-0.0926343	0.0582717	0.0308305	-0.112645	-0.0434693	0.0903224	0.0710137	-0.00864547	-0.0794261	1	-0.0953646	-0.13047	0.153708	0.127534
rs505151	6.75772e-05	-0.00257247	-0.00105858	0.00238539	-0.0234521	0.00125438	-0.00136662	0.0670412	0.00825613	-0.0154575	0.0218088	0.0535674	-0.0599158	0.0202932	0.0105523	-0.107155	-0.0953646	1	0.0182793	0.0514195	0.031301
rs111605776	0.0127906	-0.0143821	0.021535	0.0311231	-0.014023	-0.0253472	0.0444246	-0.0360641	0.042237	-0.0269311	-0.00881234	0.0911378	-0.0425325	-0.0126086	-0.0114049	-0.00898028	-0.13047	0.0182793	1	-0.0298339	-0.0178453
rs488522	-0.04712	-0.0532463	-0.0849123	-0.111984	-0.00103694	0.0660793	-0.0217146	0.0732809	0.10325	-0.0592753	0.0226773	-0.067274	0.0744683	0.00463845	-0.0347487	-0.0266369	0.153708	0.0514195	-0.0298339	1	-0.0516294
rs115465289	-0.0184004	0.0461056	0.0145939	0.00453972	-0.0057646	0.0276039	-0.0247414	-0.0153367	-0.0814039	0.00940992	-0.0227193	0.079479	-0.0691133	-0.00136055	-0.0197863	-0.0202442	0.127534	0.031301	-0.0178453	-0.0516294	1
